<?xml version="1.0"?>
<opencv_storage>
<calibrationDate>"Mon Feb 10 20:37:09 2020"</calibrationDate>
<framesCount>29</framesCount>
<cameraResolution>
  1280 720</cameraResolution>
<cameraMatrix type_id="opencv-matrix">
  <rows>3</rows>
  <cols>3</cols>
  <dt>d</dt>
  <data>
    9.9504108792923182e+02 0. 6.3977049951475544e+02 0.
    9.9504108792923182e+02 3.3279422399149740e+02 0. 0. 1.</data></cameraMatrix>
<cameraMatrix_std_dev type_id="opencv-matrix">
  <rows>4</rows>
  <cols>1</cols>
  <dt>d</dt>
  <data>
    0. 7.1604249972279046e+00 1.4248344858029531e+00
    2.0588741533138513e+00</data></cameraMatrix_std_dev>
<dist_coeffs type_id="opencv-matrix">
  <rows>1</rows>
  <cols>5</cols>
  <dt>d</dt>
  <data>
    -4.7953970776068236e-02 0. 0. 0. 1.3864914644059437e-01</data></dist_coeffs>
<dist_coeffs_std_dev type_id="opencv-matrix">
  <rows>5</rows>
  <cols>1</cols>
  <dt>d</dt>
  <data>
    2.6995934550744613e-03 0. 0. 0. 1.3220126218154993e-02</data></dist_coeffs_std_dev>
<avg_reprojection_error>3.1595890170487534e-01</avg_reprojection_error>
</opencv_storage>
